0 1 2 
0 1 2 
0 1 2 
0 1 2 3 
0 2 3 
0 2 3 4 
0 2 3 4 5 
0 2 3 4 5 
0 2 3 4 5 
0 2 3 4 5 
0 2 3 4 5 6 
0 3 4 5 6 7 
0 3 4 5 6 7 
3 4 5 6 7 
4 5 6 7 
4 5 6 7 
5 6 7 8 
6 7 8 
6 7 8 9 
6 7 8 9 10 
6 7 8 9 10 11 
7 8 9 10 11 12 
8 9 10 11 12 13 
8 9 10 11 12 13 14 
8 9 10 11 12 13 14 15 
8 9 10 11 12 13 14 15 
8 9 10 11 12 13 14 15 16 
9 10 11 12 13 14 15 16 17 
9 10 11 12 13 14 15 16 17 
10 11 12 13 14 15 16 17 18 
11 12 13 14 15 16 17 18 
12 13 14 15 16 17 18 
13 14 15 16 17 18 
14 15 16 17 18 19 
15 16 17 18 19 20 
16 17 18 19 20 
16 17 18 19 20 
16 17 18 19 20 
16 18 19 20 
18 19 20 
18 19 20 21 
18 19 20 21 
18 19 20 21 
18 19 20 21 
18 19 20 21 22 
18 19 21 22 23 
18 21 22 23 24 
18 21 22 23 24 
21 22 23 24 
21 22 23 24 25 
21 22 23 24 25 
22 23 24 25 
22 23 24 25 
22 23 24 25 
22 23 24 25 
23 24 25 
24 25 
25 
25 
25 
29 
29 
29 
29 
29 
29 
29 
29 
29 
29 30 
29 30 
29 30 31 
29 30 31 
29 30 31 
29 30 31 32 
29 30 31 32 33 
29 30 31 32 33 
30 31 32 33 
30 31 32 33 
30 31 32 33 
30 31 32 33 34 35 
31 32 33 34 35 
31 32 33 34 35 
31 32 33 34 35 
32 33 34 35 
32 33 34 35 
32 34 35 
34 35 
34 35 
34 35 36 
34 35 36 
34 35 36 
34 35 36 
34 35 36 
34 35 36 
34 35 36 
34 36 
34 36 
34 36 37 
34 36 37 
34 36 37 
34 36 37 
34 36 37 
34 36 37 
34 36 37 
34 37 
25 34 37 
8 25 34 37 
8 25 34 37 38 
8 18 25 34 37 38 
8 18 25 34 37 38 39 
8 18 25 37 38 39 40 
8 18 25 37 38 39 40 
8 18 25 37 38 39 40 41 
8 18 25 38 39 40 41 42 
8 18 25 38 39 40 41 42 43 
8 16 18 25 38 39 40 41 42 43 
8 16 18 19 38 39 40 41 42 43 
4 16 18 19 38 39 40 41 42 43 
4 16 18 19 39 40 41 42 43 44 
2 4 16 19 39 40 41 42 43 44 
2 4 16 19 40 41 42 43 44 45 
2 4 16 19 41 42 43 44 45 46 
2 4 16 19 41 42 43 44 45 46 47 
2 4 16 19 42 43 44 45 46 47 
2 4 16 19 43 44 45 46 47 48 
2 4 16 19 44 45 46 47 48 
2 4 19 44 45 46 47 48 
2 4 44 45 46 47 48 
2 44 45 46 47 48 
2 45 46 47 48 
45 46 47 48 49 
46 47 48 49 50 
47 48 49 50 51 
48 49 50 51 
48 49 50 51 52 
49 50 51 52 53 
49 50 51 52 53 54 
49 50 51 52 53 54 
49 50 51 52 53 54 55 
49 50 51 52 53 54 55 56 
49 50 51 52 53 54 55 56 57 
50 51 52 53 54 55 56 57 58 
51 52 53 54 55 56 57 58 
52 53 54 55 56 57 58 59 
52 53 54 55 56 57 58 59 60 
53 54 55 56 57 58 59 60 61 
54 55 56 57 58 59 60 61 62 
55 56 57 58 59 60 61 62 63 
55 56 57 58 59 60 61 62 63 64 
56 57 58 59 60 61 62 63 64 65 
57 58 59 60 61 62 63 64 65 66 
58 59 60 61 62 63 64 65 66 67 
59 60 61 62 63 64 65 66 67 68 
59 60 61 62 63 64 65 66 67 68 69 
60 61 62 63 64 65 66 67 68 69 70 
61 62 63 64 65 66 67 68 69 70 
62 63 64 65 66 67 68 69 70 
63 64 65 66 67 68 69 70 71 
64 65 66 67 68 69 70 71 
65 66 67 68 69 70 71 
66 67 68 69 70 71 72 
67 68 69 70 71 72 
68 69 70 71 72 
69 70 71 72 73 
70 71 72 73 
71 72 73 74 
71 72 73 74 75 
71 72 73 74 75 76 
72 73 74 75 76 
72 73 74 75 76 
72 73 74 75 76 
73 74 75 76 
73 74 75 76 
73 74 75 76 
74 75 76 
74 75 76 
75 76 77 
76 77 
77 78 
77 78 79 
77 78 79 80 
77 78 79 80 
77 78 79 80 81 
77 78 79 80 81 82 
77 78 79 80 81 82 83 
77 78 79 80 81 82 83 
77 78 79 80 81 82 83 84 
78 79 80 81 82 83 84 85 
78 79 80 81 82 83 84 85 86 
6 79 80 81 82 83 84 85 86 
6 80 81 82 83 84 85 86 
6 81 82 83 84 85 86 87 
6 81 82 83 84 85 86 87 
6 82 83 84 85 86 87 
6 83 84 85 86 87 
6 84 85 86 87 
6 84 85 86 87 
6 85 86 87 
6 86 87 
6 87 
87 
87 
87 
26 
26 
0 26 
0 26 88 
0 26 88 
0 4 26 88 
0 4 88 
0 4 88 
0 4 88 
0 4 88 
0 4 88 
0 4 88 
0 4 88 
4 88 
4 
4 
4 
4 
4 
4 
4 
26 27 33 89 
27 33 89 
27 33 
27 33 
27 33 
27 
27 
37 90 
37 90 
34 35 37 90 
34 35 37 90 
34 35 37 90 
34 35 37 90 
34 35 36 37 90 
34 35 36 37 90 
34 35 36 37 90 
34 35 36 37 90 
34 35 36 37 
34 35 36 37 
34 35 36 37 
34 35 36 37 
34 35 36 37 
34 36 37 
34 36 37 
34 36 37 
34 36 37 
34 37 
34 37 
34 37 
34 37 
26 
26 92 
26 92 
26 92 
26 92 
26 92 
92 
92 
92 
92 93 
92 93 
92 93 
92 93 94 
92 93 94 
92 93 94 
92 93 94 
92 93 94 
92 93 94 
92 93 94 
92 93 94 
94 
94 
94 
26 95 96 97 
26 95 96 97 
26 95 96 97 
95 96 97 
95 96 97 
95 96 97 
95 97 
4 95 
4 29 95 
4 29 95 
4 29 95 
4 29 95 
4 29 95 
4 29 42 
4 29 42 
4 29 42 
4 29 42 
4 29 42 
29 42 
29 42 85 
29 42 85 
29 42 85 
29 42 85 
29 42 85 
29 85 
29 85 86 
29 85 86 
29 85 86 
29 85 86 
29 85 86 
29 86 
29 86 
29 86 
29 86 
29 86 
29 86 96 
29 96 
29 96 
29 96 
29 96 
96 
96 
96 
96 
96 97 
96 97 
96 97 
96 97 
97 
97 
97 
97 
97 
97 
97 
97 
97 
26 
26 
26 
26 
26 
26 
26 
26 43 
26 43 
26 43 
26 43 
26 43 
43 
43 
43 
43 
43 
43 
94 
94 
94 
94 
94 
94 
94 
94 
94 
94 
94 
94 
94 
94 
94 
94 
94 
94 95 
94 95 
94 95 
94 95 
94 95 
94 95 
94 95 
94 95 
18 31 94 95 
18 31 94 95 
18 31 94 95 
18 31 94 
18 31 94 98 
18 31 94 98 
18 31 94 98 
18 31 98 
18 31 74 98 
18 31 74 98 
18 29 31 74 98 
29 74 98 
29 74 98 
29 74 98 
29 74 98 
29 74 
29 74 
29 74 
29 74 94 
29 94 
29 94 
94 
94 96 
94 96 
94 96 
39 94 96 
39 94 96 
35 39 94 96 
35 39 94 96 
35 39 96 
35 39 96 
35 39 96 
35 39 96 
35 39 
35 39 48 
35 39 48 
35 39 48 97 
35 39 48 97 
35 39 48 49 97 
35 39 48 49 97 
35 39 48 49 97 
35 39 41 48 49 97 
40 41 48 49 97 
40 41 48 49 97 
40 41 48 49 97 
40 41 49 97 
40 41 49 97 
40 41 49 
40 41 49 
40 41 
40 41 
40 41 
40 41 52 
40 41 52 
40 41 52 
40 41 52 
40 41 52 59 
40 52 59 60 
40 52 59 60 
40 52 59 60 
40 52 59 60 
40 52 59 60 65 
40 52 59 60 65 66 
40 59 60 65 66 
40 59 60 65 66 
40 59 60 65 66 
40 59 60 65 66 
40 60 65 66 
40 65 66 
40 65 66 
40 65 66 
65 66 99 
66 99 
99 
99 
99 100 
99 100 
99 100 
99 100 
99 100 
99 100 
99 100 
100 
100 
100 
100 
43 
43 
43 
43 
43 
43 
43 
43 
43 
43 
43 
43 
43 
43 
26 
26 
26 
26 
35 
35 
35 
35 
35 
35 
35 
35 
35 
35 
35 
35 
35 
35 
35 
35 
35 
35 
35 
35 
35 
35 
35 
35 
35 
35 
35 
35 
35 
35 
35 
35 
35 
35 
35 
35 
35 
35 
35 
35 
35 
35 
35 
35 
35 
35 
35 
35 
8 26 87 
8 26 87 
8 26 87 
8 87 
8 87 
8 87 
8 87 
8 
4 7 38 44 47 
4 7 38 44 47 
4 7 38 47 
4 7 47 101 
4 7 47 101 
4 47 101 
4 101 
4 7 101 
4 7 47 101 
4 7 47 101 
7 47 101 
7 38 47 101 
7 38 47 101 
7 38 47 101 
7 38 47 
7 38 44 47 
7 38 44 47 
7 18 38 44 47 
7 18 38 44 47 
7 18 38 44 
7 18 38 44 
7 18 38 44 
18 38 44 
18 38 44 
18 38 44 
18 44 
18 
18 
18 
26 74 75 76 
26 74 75 76 85 
74 75 76 85 86 
74 75 76 85 86 
74 75 76 85 86 
74 75 76 78 81 85 86 
75 76 78 81 82 85 86 
76 78 81 82 83 85 86 
78 81 82 83 85 86 
78 81 82 83 85 86 
78 81 82 83 85 86 
52 78 81 82 83 85 86 
52 53 78 81 82 83 86 
52 53 54 78 81 82 83 
52 53 54 78 81 82 83 
52 53 54 78 81 82 83 
52 53 54 81 82 83 
52 53 54 81 83 
52 53 54 
52 53 54 
52 53 54 
35 52 53 54 
35 36 52 53 54 
35 36 37 52 54 
35 36 37 
35 36 37 
35 36 37 
35 36 37 
35 36 37 
35 36 37 
35 36 37 
35 36 37 
35 36 37 
35 36 37 
35 36 
35 36 37 
35 36 37 
35 36 37 
35 36 37 
35 36 37 
35 36 37 
36 37 
36 37 
36 37 
37 59 
37 59 60 
37 59 60 
59 60 61 
59 60 61 62 
59 60 61 62 
59 60 61 62 63 
59 60 61 62 63 64 
59 60 61 62 63 64 
59 60 61 62 63 64 
59 60 61 62 63 64 
49 60 61 62 63 64 
49 50 61 62 63 64 
49 50 51 61 62 63 64 
49 50 51 62 63 64 
49 50 51 63 64 
49 50 51 63 64 102 
49 50 51 64 102 
49 50 51 102 
49 50 51 65 102 
49 50 51 65 66 102 
49 50 51 65 66 102 
50 51 65 66 67 102 
51 65 66 67 68 102 
65 66 67 68 102 
65 66 67 68 69 102 
65 66 67 68 69 70 102 
65 66 67 68 69 70 102 
65 66 67 68 69 70 
65 66 67 68 69 70 
66 67 68 69 70 
67 68 69 70 71 
67 68 69 70 71 
68 69 70 71 
69 70 71 
69 70 71 
70 71 
71 
71 
71 
71 
71 
26 
26 
26 
26 
26 
26 
26 
26 
103 
103 
103 
103 
103 
103 
103 
103 
103 
103 
33 103 
33 
33 
33 
33 
33 
33 
33 
33 
33 
33 
33 
33 
33 103 
33 103 
33 103 
33 72 103 
33 72 103 
33 72 103 
33 72 103 
33 72 103 
72 103 
72 103 
72 103 
72 
72 
72 
26 
26 
6 
6 
6 73 104 
6 73 104 
6 73 104 
6 73 104 
6 73 104 
6 73 104 
6 73 104 
6 73 104 
6 73 104 
6 73 104 
6 73 104 
6 73 104 
6 73 104 
6 73 104 
73 104 
73 104 
73 104 
73 
73 
73 
73 
73 
75 76 90 
75 76 78 79 80 90 91 
75 76 78 79 80 90 91 
75 76 78 79 80 81 82 83 90 91 
75 76 78 79 80 81 82 83 90 91 
75 76 78 79 80 81 82 83 90 91 
74 75 76 78 79 80 81 82 83 90 91 
74 75 76 78 79 80 81 82 83 90 91 
74 75 76 78 79 80 81 82 83 90 91 
74 75 76 78 79 80 81 82 83 90 91 
74 75 76 78 79 80 81 82 83 90 91 
74 77 78 79 80 81 82 83 91 
74 77 78 81 82 83 91 
74 77 78 79 81 82 83 91 
74 77 78 79 80 81 
74 77 78 79 80 81 82 
74 77 78 79 80 81 82 83 
77 78 79 80 81 82 83 
77 78 79 80 81 82 83 
7 77 78 79 80 81 82 83 
7 77 78 79 80 81 82 83 105 
7 77 78 79 80 81 82 83 105 
7 78 79 80 81 82 83 105 
7 78 79 80 81 82 83 105 106 
7 78 80 81 82 83 105 106 
7 78 81 82 83 105 106 
7 78 81 83 105 106 
7 77 78 81 105 106 
7 77 78 81 105 106 
7 77 105 106 
77 81 105 106 
77 78 81 106 
77 78 81 106 
77 78 81 106 
77 78 79 81 
77 78 79 80 81 
77 78 79 80 81 82 
77 78 79 80 81 82 83 
77 78 79 80 81 82 83 
78 79 80 81 82 83 
77 78 79 80 81 82 83 
77 78 79 80 81 82 83 
77 78 79 80 81 82 83 
77 78 79 80 81 82 83 
77 78 79 80 81 82 83 
77 78 80 81 82 83 
77 78 81 82 83 
77 78 81 83 
77 78 81 
77 78 81 
77 78 81 
77 78 81 
78 81 
78 81 
81 
81 
7 26 47 52 55 59 77 
7 26 47 52 55 59 77 
7 47 52 55 59 77 
7 47 52 55 59 77 
7 47 52 55 59 77 
7 52 55 59 77 
7 55 59 
7 55 
7 55 
7 55 
7 55 
7 55 
7 55 
7 55 
7 55 
7 55 
7 55 
7 55 
7 55 
7 55 
7 55 
7 55 
7 55 
55 60 
55 56 60 
55 56 60 
55 56 60 
7 55 56 60 
7 55 56 60 
7 55 56 60 
7 55 56 60 
7 56 60 
7 56 60 
7 56 60 
7 56 
7 56 
7 56 
7 56 
7 56 
7 56 
7 56 
7 56 
7 56 
7 56 
7 56 
7 56 
7 56 
7 56 
7 56 
7 56 
56 65 
56 57 65 
56 57 65 
56 57 65 
7 56 57 65 
7 56 57 65 
7 56 57 65 
7 56 57 65 
7 57 65 
7 57 65 
7 57 65 
7 57 
7 57 
7 57 
7 57 
7 57 
7 57 
7 57 
7 57 
7 57 
7 57 
7 57 
7 57 
7 57 
7 57 
7 57 
57 
57 66 
57 58 66 
57 58 66 
7 57 58 66 
7 57 58 66 
7 57 58 66 
7 57 58 66 
7 57 58 66 
7 58 66 
7 58 66 
7 58 66 
7 58 
7 58 
7 58 
7 58 
7 58 
7 58 
7 58 
7 58 
7 58 
7 58 
7 58 
7 58 
7 58 
7 58 
7 58 
58 
58 
58 
58 
58 
58 
58 
58 
58 
26 48 
26 48 
26 48 
26 48 
26 48 
48 
48 49 
48 49 
48 49 
48 49 
48 49 
48 49 
48 49 
48 49 
48 49 
48 49 
48 49 77 107 
48 77 107 
48 77 107 
48 77 107 
48 77 107 
48 77 107 
48 77 107 
48 77 107 
48 77 107 
48 77 107 
48 77 107 
48 94 
48 94 
48 94 
48 94 
48 94 
48 94 
48 94 
94 
94 
94 
94 
108 
108 
108 
48 108 
48 108 
48 108 
48 108 
48 108 
48 108 
48 108 
48 108 
48 
48 
48 
48 
48 
48 
48 
26 
26 
26 
26 
26 
26 33 
26 33 
33 
33 
33 
33 
33 
33 
33 
33 
33 
33 
33 
33 
33 
33 
26 28 29 
26 28 29 
26 28 29 
28 29 
28 29 
29 
29 
29 
29 30 
29 30 
29 30 31 
29 30 31 
29 30 31 
29 30 31 32 
29 30 31 32 33 
29 30 31 32 33 
30 31 32 33 
30 31 32 33 
30 31 32 33 
30 31 32 33 34 35 
31 32 33 34 35 
31 32 33 34 35 
31 32 33 34 35 
32 33 34 35 
32 33 34 35 
32 34 35 
34 35 
34 35 
34 35 36 
34 35 36 
34 35 36 
34 35 36 
34 35 36 
34 35 36 
34 35 36 
34 36 
34 36 
34 36 37 
34 36 37 
34 36 37 
34 36 37 
34 36 37 
34 36 37 
34 36 37 
34 37 
25 34 37 
25 34 37 
8 25 34 37 
8 25 34 37 38 
8 18 25 34 37 38 
8 18 25 37 38 39 
8 18 25 37 38 39 40 
8 18 25 37 38 39 40 
8 18 25 38 39 40 41 
8 18 25 38 39 40 41 42 
8 18 25 38 39 40 41 42 43 
8 16 18 38 39 40 41 42 43 
8 16 18 19 38 39 40 41 42 43 
4 16 18 19 38 39 40 41 42 43 
4 16 18 19 39 40 41 42 43 44 
4 16 19 39 40 41 42 43 44 
2 4 16 19 40 41 42 43 44 
2 4 16 19 41 42 43 44 45 
2 4 16 19 41 42 43 44 45 46 
2 4 16 19 42 43 44 45 46 
2 4 16 19 43 44 45 46 48 
2 4 16 19 44 45 46 48 
2 4 19 44 45 46 48 
2 4 44 45 46 48 
2 44 45 46 48 
2 45 46 48 
2 45 46 48 49 
45 46 48 49 50 
46 48 49 50 51 
48 49 50 51 
48 49 50 51 52 
49 50 51 52 53 
49 50 51 52 53 54 
49 50 51 52 53 54 
47 49 50 51 52 53 54 
47 49 50 51 52 53 54 55 
47 49 50 51 52 53 54 55 56 
47 50 51 52 53 54 55 56 57 
47 51 52 53 54 55 56 57 58 
47 52 53 54 55 56 57 58 
47 52 53 54 55 56 57 58 59 
47 53 54 55 56 57 58 59 60 
47 54 55 56 57 58 59 60 61 
47 55 56 57 58 59 60 61 62 
47 55 56 57 58 59 60 61 62 63 
55 56 57 58 59 60 61 62 63 64 
56 57 58 59 60 61 62 63 64 
57 58 59 60 61 62 63 64 65 
58 59 60 61 62 63 64 65 66 
59 60 61 62 63 64 65 66 67 
59 60 61 62 63 64 65 66 67 68 
60 61 62 63 64 65 66 67 68 69 
61 62 63 64 65 66 67 68 69 70 
62 63 64 65 66 67 68 69 70 
63 64 65 66 67 68 69 70 
64 65 66 67 68 69 70 71 
65 66 67 68 69 70 71 
65 66 67 68 69 70 71 
66 67 68 69 70 71 72 
67 68 69 70 71 72 
68 69 70 71 72 
69 70 71 72 73 
6 70 71 72 73 
6 71 72 73 
6 71 72 73 
6 71 72 73 
6 72 73 
6 72 73 
6 72 73 
6 73 
6 73 
6 73 
6 
74 75 76 
74 75 76 
75 76 77 
76 77 
77 78 
77 78 79 
77 78 79 80 
77 78 79 80 
77 78 79 80 81 
77 78 79 80 81 82 
77 78 79 80 81 82 83 
77 78 79 80 81 82 83 
77 78 79 80 81 82 83 84 
78 79 80 81 82 83 84 85 
78 79 80 81 82 83 84 85 86 
79 80 81 82 83 84 85 86 
80 81 82 83 84 85 86 
81 82 83 84 85 86 
81 82 83 84 85 86 
82 83 84 85 86 
83 84 85 86 
84 85 86 
84 85 86 
85 86 
86 
77 78 79 80 81 85 86 
77 78 79 80 81 82 85 86 
77 78 79 80 81 82 83 86 
77 78 79 80 81 82 83 
77 78 79 80 81 82 83 
78 79 80 81 82 83 
78 79 80 81 82 83 
79 80 81 82 83 
80 81 82 83 
81 82 83 
81 82 83 
82 83 
83 
26 
26 
26 103 
26 103 
26 103 
26 103 
103 
103 
103 
33 103 
0 33 103 
0 33 103 
0 33 103 
0 33 
0 33 
0 33 
0 33 
0 33 
0 33 
0 33 
0 33 
33 
33 
0 33 
0 33 103 
0 33 103 
0 33 103 
0 33 103 
0 33 103 
0 33 103 
0 33 103 
0 33 103 
0 103 
0 103 
103 
26 33 
26 33 
26 33 
26 33 
26 33 
33 
33 
33 
33 
33 
33 
26 
26 
26 
26 
26 
26 
26 
26 103 
103 
103 
103 
103 
33 103 
33 103 
33 103 
33 103 
33 103 
33 103 
33 103 
33 103 
33 103 
33 103 
33 103 
103 
103 
33 103 
33 103 
33 103 
33 103 
33 103 
33 103 
33 103 
33 103 
33 
33 
33 
26 42 109 110 
26 42 109 110 
42 109 110 
42 109 110 111 
42 109 110 111 
42 109 110 111 112 
42 109 110 111 112 
42 110 111 112 
42 110 111 112 
42 111 112 
42 111 112 
42 111 112 
42 111 112 
111 112 
112 
112 
26 
26 
26 
26 113 
26 113 
26 113 114 
113 114 
113 114 
113 114 
113 114 
113 114 
113 114 
113 114 
113 114 
113 114 
113 114 
113 
113 
113 114 115 
113 114 115 
113 114 115 
113 114 115 
113 114 115 
113 114 115 
113 114 115 
113 114 115 
113 114 115 
113 114 115 
113 114 115 
113 114 115 
8 113 114 115 
8 113 114 115 
8 113 114 115 
8 113 114 115 
8 113 114 115 
8 113 114 115 116 
8 113 114 115 116 
8 113 114 115 116 
8 113 114 115 116 
8 114 116 
8 116 
116 117 
116 117 
116 117 
116 117 
116 117 
117 
117 118 
117 118 
117 118 
117 118 
117 118 
118 
118 
118 
113 118 
113 114 118 
113 114 118 
113 114 
113 114 
113 114 
113 114 
113 114 
113 114 
113 114 
113 114 
114 
26 119 120 121 
26 119 120 121 
119 120 121 
119 120 121 
119 120 121 
119 120 121 
119 120 121 
119 120 
119 120 
119 120 
119 120 
119 120 
120 
123 124 
122 123 124 
122 123 124 
122 123 124 
122 123 124 
122 123 124 
122 123 124 
122 123 124 
122 123 124 
122 123 124 
122 123 124 
122 123 124 
8 122 123 124 
8 122 123 124 
8 122 123 124 
8 122 123 124 
8 122 123 124 125 
8 122 123 124 125 
8 122 123 124 125 
8 122 123 124 125 
8 122 123 124 125 
8 123 125 
8 125 126 
125 126 
125 126 
125 126 
125 126 
126 
126 127 
126 127 
126 127 
126 127 
126 127 
127 
127 
127 
122 127 
122 123 127 
122 123 127 
122 123 
122 123 
122 123 
122 123 
122 123 
122 123 
122 123 
122 123 
123 
26 128 129 130 
26 128 129 130 
128 129 130 
128 129 130 
128 129 130 
128 129 130 
128 129 130 
128 129 
128 129 
128 129 
128 129 
128 129 
129 
26 43 121 
26 43 121 
26 43 121 
43 121 
43 121 
43 121 
43 121 
43 121 
119 121 
119 120 121 
119 120 121 
119 120 121 
119 120 121 
43 119 120 121 
43 119 120 121 
43 119 120 121 
43 119 120 121 
43 119 120 121 
43 119 120 121 
43 120 121 
43 121 
43 121 
43 121 
43 121 
121 
119 121 
119 120 121 
119 120 121 
41 119 120 121 
39 41 119 120 121 
39 41 119 120 121 
39 41 119 120 121 
39 41 119 120 121 
39 41 119 120 
39 41 119 120 
39 41 119 120 
39 41 43 120 
39 41 43 121 
39 41 43 121 
39 43 121 
39 43 121 
39 43 121 
43 121 
43 121 
43 121 
43 121 
43 121 
119 121 
119 120 121 
119 120 121 
119 120 121 
119 120 121 
119 120 121 
119 120 121 
119 120 121 
119 120 
119 120 
119 120 
120 
26 
26 
119 
119 120 
119 120 
38 44 119 120 
38 44 119 120 
38 44 119 120 
38 44 119 120 
38 44 119 120 
38 44 119 120 
38 44 119 120 
38 44 119 120 
38 44 120 
38 44 
38 44 
38 44 
44 
26 
26 
26 
119 
119 120 
119 120 
119 120 
119 120 
71 115 119 120 
71 115 119 120 
16 71 115 119 120 
16 71 115 119 120 
16 71 115 119 120 
16 71 115 119 120 
16 71 115 120 
16 71 115 
16 71 115 
16 71 72 115 
16 71 72 115 
16 19 72 115 
16 19 72 115 
19 72 115 
19 72 115 
19 72 115 
19 72 115 
19 72 115 
19 72 115 
19 72 115 
19 72 115 
19 72 115 
19 72 115 
19 72 115 
19 72 115 
19 72 115 
19 72 115 
19 72 115 
19 72 115 
19 72 115 
19 72 115 
19 72 115 
19 72 115 
19 72 115 
19 72 115 
19 72 115 
19 72 115 
19 72 115 
19 72 115 
19 72 115 
19 72 115 
19 
19 
26 43 130 
26 43 130 
26 43 130 
43 130 
43 130 
43 130 
43 130 
43 130 
128 130 
128 129 130 
128 129 130 
128 129 130 
128 129 130 
43 128 129 130 
43 128 129 130 
43 128 129 130 
43 128 129 130 
43 128 129 130 
43 128 129 130 
43 129 130 
43 130 
43 130 
43 130 
43 130 
130 
128 130 
128 129 130 
128 129 130 
41 128 129 130 
39 41 128 129 130 
39 41 128 129 130 
39 41 128 129 130 
39 41 128 129 130 
39 41 128 129 
39 41 128 129 
39 41 128 129 
39 41 43 129 
39 41 43 130 
39 41 43 130 
39 43 130 
39 43 130 
39 43 130 
43 130 
43 130 
43 130 
43 130 
43 130 
128 130 
128 129 130 
128 129 130 
128 129 130 
128 129 130 
128 129 130 
128 129 130 
128 129 130 
128 129 
128 129 
128 129 
129 
26 
26 
128 
128 129 
128 129 
38 44 128 129 
38 44 128 129 
38 44 128 129 
38 44 128 129 
38 44 128 129 
38 44 128 129 
38 44 128 129 
38 44 128 129 
38 44 129 
38 44 
38 44 
38 44 
44 
26 
26 
26 
128 
128 129 
128 129 
128 129 
128 129 
71 124 128 129 
71 124 128 129 
16 71 124 128 129 
16 71 124 128 129 
16 71 124 128 129 
16 71 124 128 129 
16 71 124 129 
16 71 124 
16 71 124 
16 71 72 124 
16 71 72 124 
16 19 72 124 
16 19 72 124 
19 72 124 
19 72 124 
19 72 124 
19 72 124 
19 72 124 
19 72 124 
19 72 124 
19 72 124 
19 72 124 
19 72 124 
19 72 124 
19 72 124 
19 72 124 
19 72 124 
19 72 124 
19 72 124 
19 72 124 
19 72 124 
19 72 124 
19 72 124 
19 72 124 
19 72 124 
19 72 124 
19 72 124 
19 72 124 
19 72 124 
19 72 124 
19 72 124 
19 
19 
45 
45 
45 
45 
45 46 
45 46 
45 46 
45 46 
25 45 46 
25 46 
25 46 
25 46 
3 25 46 
3 25 46 
3 25 46 
3 25 
3 25 
3 25 
2 3 25 
2 3 25 
2 3 25 
2 3 25 
2 3 25 
2 3 25 
2 3 25 46 
2 3 25 46 
2 3 25 46 
2 25 46 
2 25 46 
25 46 
25 46 
25 46 
25 46 
46 
46 
